image_width: 1920
image_height: 1080

camera_matrix:
  rows: 3
  cols: 3
  data: [1135.208474, 0.000000, 998.932805, 0.000000, 1133.531325, 530.084624, 0.000000, 0.000000, 1.000000]

distortion_coefficients:
  rows: 1
  cols: 5
  data: [-0.073165, 0.025731, 0.006159, 0.007375, 0.000000]

rectification_matrix:
  rows: 3
  cols: 3
  data: [1.0, 0.0, 0.0, 0.0, 1.0, 0.0, 0.0, 0.0, 1.0]

projection_matrix:
  rows: 3
  cols: 4
  data: [1086.577437, 0.0, 1021.941452, 0.0, 0.0, 1116.736394, 535.070226, 0.0, 0.0, 0.0, 1.0, 0.0]