image_width: 1920
image_height: 1080

camera_matrix:
  rows: 3
  cols: 3
  data: [1146.495853, 0.000000, 953.976032, 0.000000, 1146.011083, 571.868765, 0.000000, 0.000000, 1.000000]

distortion_coefficients:
  rows: 1
  cols: 5
  data: [-0.080634, 0.032041, 0.006835, 0.000915, 0.000000]

rectification_matrix:
  rows: 3
  cols: 3
  data: [1.0, 0.0, 0.0, 0.0, 1.0, 0.0, 0.0, 0.0, 1.0]

projection_matrix:
  rows: 3
  cols: 4
  data: [1099.154382, 0.0, 956.271312, 0.0, 0.0, 1124.847527, 578.441501, 0.0, 0.0, 0.0, 1.0, 0.0]
