image_width: 1920
image_height: 1080

camera_matrix:
  rows: 3
  cols: 3
  data: [1145.256303, 0.000000, 961.614618, 0.000000, 1141.658316, 514.490771, 0.000000, 0.000000, 1.000000]

distortion_coefficients:
  rows: 1
  cols: 5
  data: [-0.079821, 0.027860, -0.002763, -0.000027, 0.000000]

rectification_matrix:
  rows: 3
  cols: 3
  data: [1.0, 0.0, 0.0, 0.0, 1.0, 0.0, 0.0, 0.0, 1.0]

projection_matrix:
  rows: 3
  cols: 4
  data: [1094.035289, 0.0, 961.668928, 0.0, 0.0, 1121.680406, 511.425689, 0.0, 0.0, 0.0, 1.0, 0.0]
