image_width: 1920
image_height: 1080

camera_matrix:
  rows: 3
  cols: 3
  data: [1148.845354, 0.000000, 987.148727, 0.000000, 1136.968276, 523.721356, 0.000000, 0.000000, 1.000000]

distortion_coefficients:
  rows: 1
  cols: 5
  data: [-0.095870, 0.038556, 0.007781, 0.001609, 0.000000]

rectification_matrix:
  rows: 3
  cols: 3
  data: [1.0, 0.0, 0.0, 0.0, 1.0, 0.0, 0.0, 0.0, 1.0]

projection_matrix:
  rows: 3
  cols: 4
  data: [1091.928058, 0.0, 993.254256, 0.0, 0.0, 1114.128015, 529.579648, 0.0, 0.0, 0.0, 1.0, 0.0]
